geocommit (1.0)
lat: 48.8235681
long: 2.3237587
hacc: 86.0
src: nmg
