geocommit (1.0)
lat: 49.0089869
long: 8.4232829
hacc: 46.0
src: nmg
