geocommit (1.0)
lat: 49.0089694
long: 8.4232055
hacc: 44.0
src: nmg
