geocommit (1.0)
lat: 49.0067522
long: 8.4073984
hacc: 86.0
src: nmg
