geocommit (1.0)
lat: 37.788918
long: -122.401219
hacc: 89.0
src: nmg
