geocommit (1.0)
lat: 49.0090322
long: 8.4232763
hacc: 70.0
src: nmg
