geocommit (1.0)
lat: 48.81941
long: 2.337808
hacc: 86.0
src: nmg
