geocommit (1.0)
lat: 49.006788
long: 8.4073136
hacc: 104.0
src: nmg
